7
Bob 4 1 1 12
  0 1 2 10 3
  0 14 2 10 3
  0 27 2 10 3
  0 40 2 10 3
  3 1 2 10 3
  3 14 2 10 3
  3 27 2 10 3
  3 40 2 10 3
  6 1 2 10 3
  6 14 2 10 3
  6 27 2 10 3
  6 40 2 10 2
Bob 2 4 1 16
  0 1 2 10 3
  0 14 2 10 3
  0 27 2 10 3
  0 40 2 10 3
  3 1 2 10 3
  3 14 2 10 3
  3 27 2 10 3
  3 40 2 10 3
  6 1 2 10 3
  6 14 2 10 2
  6 27 2 10 2
  6 40 2 10 1
  1 1 2 10 1
  1 13 2 10 1
  1 25 2 10 1
  1 37 2 10 1
Bob 3 4 1 16
  0 1 2 10 3
  0 14 2 10 3
  0 27 2 10 3
  0 40 2 10 3
  3 1 2 10 3
  3 14 2 10 3
  3 27 2 10 3
  3 40 2 10 3
  6 1 2 10 3
  6 14 2 10 2
  6 27 2 10 2
  6 40 2 10 1
  1 1 2 10 1
  1 13 2 10 1
  1 25 2 10 1
  1 37 2 10 1
Bob 4 2 1 16
  0 1 2 10 3
  0 14 2 10 3
  0 27 2 10 3
  0 40 2 10 3
  3 1 2 10 3
  3 14 2 10 3
  3 27 2 10 3
  3 40 2 10 3
  6 1 2 10 3
  6 14 2 10 3
  6 27 2 10 2
  6 40 2 10 2
  1 1 2 10 1
  1 13 2 10 1
  1 25 2 10 1
  1 37 2 10 1
Bob 3 4 1 16
  0 1 2 10 3
  0 14 2 10 3
  0 27 2 10 3
  0 40 2 10 3
  3 1 2 10 3
  3 14 2 10 3
  3 27 2 10 3
  3 40 2 10 3
  6 1 2 10 2
  6 14 2 10 3
  6 27 2 10 2
  6 40 2 10 1
  1 1 2 10 1
  1 13 2 10 1
  1 25 2 10 1
  1 37 2 10 1
Bob 5 0 1 16
  0 1 2 10 3
  0 14 2 10 3
  0 27 2 10 3
  0 40 2 10 3
  3 1 2 10 3
  3 14 2 10 3
  3 27 2 10 3
  3 40 2 10 3
  6 1 2 10 3
  6 14 2 10 3
  6 27 2 10 3
  6 40 2 10 3
  1 1 2 10 1
  1 13 2 10 1
  1 25 2 10 1
  1 37 2 10 1
Bob 5 3 1 12
  0 1 2 10 3
  0 14 2 10 3
  0 27 2 10 3
  0 40 2 10 3
  3 1 2 10 3
  3 14 2 10 3
  3 27 2 10 3
  3 40 2 10 3
  6 1 2 10 3
  6 14 2 10 2
  6 27 2 10 3
  6 40 2 10 1
